package(dbscan)
package('dbscan')
library(dbscan)
dbscan
d <- read.csv(file='test.csv', head=TRUE, sep=',')
d
data(iris)
iris <- as.matrix(iris[,1:4])
iris
res <- dbscan(iris, eps = .4, minPts=4)
res
d
d[,1:4]
d[,1:6]
d[,1:7]
d[,1:6]
m <- as.matrix(d[,1:6])
m
plot(m)
res <- dbscan(m, eps = .4, minPts=2)
res
dbscan(m, eps = .4, minPts=2)
dbscan(m, eps = .1, minPts=2)
dbscan(m, eps = .1, minPts=1)
dbscan(m, eps = .1, minPts=2)
dbscan(m, eps = .001, minPts=2)
m
m <- as.matrix(d[,1:2])
m
plot(m)
d
m <- as.matrix(d[,5:6])
m
plot(m)
dbscan(m, eps = .001, minPts=2)
a <- c(260.174, 258.494, 260.783, 281.230, 253.411, 285.160, 285.300, 303.502, 299.339, 257.886, 261.041, 279.633, 249.951, 204.031, 218.982, 88.508, 203.242, 229.149, 227.657, 261.681, 231.543, 220.093, 324.272, 281.436, 294.338, 283.574, 249.317, 220.115, 141.791, 212.727, 188.227, 151.270, 246.351, 334.106, 218.385, 229.058, 279.146, 176.116, 236.464, 246.274, 229.708, 159.567, 257.505)
hist(a)
hist(a, 10)
hist(a, 7)
hist(a, 11)
a <- c(237.781, 264.868, 271.732, 280.742, 242.462, 246.922, 306.725, 255.687, 267.998, 269.554, 260.801, 257.082, 215.451, 290.272, 274.170, 258.700, 255.795, 296.314, 262.175, 296.759, 200.201, 215.377, 319.759, 199.246, 220.534, 286.681, 156.408, 311.512, 227.402, 138.099, 215.190, 234.161, 195.080, 306.522, 245.586, 226.001, 139.122, 301.979, 204.588, 207.214, 178.975, 322.228, 262.425, 268.908, 60.991, 100.614, 210.824, 301.351, 260.174, 258.494, 260.783, 281.230, 253.411, 285.160, 285.300, 303.502, 299.339, 257.886, 261.041, 279.633, 249.951, 204.031, 218.982, 88.508, 203.242, 229.149, 227.657, 261.681, 231.543, 220.093, 324.272, 281.436, 294.338, 283.574, 249.317, 220.115, 141.791, 212.727, 188.227, 151.270, 246.351, 334.106, 218.385, 229.058, 279.146, 176.116, 236.464, 246.274, 229.708, 159.567, 257.505, 238.482, 243.088, 259.143, 262.973, 276.850, 311.884, 236.108, 203.299, 267.901, 297.606, 270.650, 254.930, 254.648, 317.874, 135.076, 294.400, 142.161, 292.392, 177.605, 231.980, 136.984, 225.689, 215.316, 261.653, 227.276, 276.989, 181.354, 215.150, 99.330, 210.058, 289.028, 185.595, 242.329, 263.768, 274.392, 291.668, 143.086, 212.725, 251.461, 154.802, 225.222, 310.988, 283.875, 189.830, 179.663, 202.952, 232.269, 199.339, 290.744, 271.089, 235.479, 314.840, 267.506, 302.117, 192.510, 196.772, 207.899, 184.346, 265.635, 290.751, 90.407, 240.456, 298.053, 299.529, 234.853, 182.079, 297.724, 236.566, 263.521, 208.418, 241.368, 201.841, 147.345, 137.223, 220.627, 196.575, 275.219, 294.434, 282.076, 276.690, 333.459, 223.343, 176.143, 239.387, 257.773, 157.398, 251.723, 207.989, 213.372, 191.916, 233.611, 264.486, 176.153, 244.724, 290.900, 260.084, 156.439, 187.824, 175.975, 218.093, 205.904, 286.265, 270.999, 114.510, 209.965, 265.510, 112.666, 235.280, 200.695, 141.448, 257.358, 205.102, 306.311, 261.019, 313.506, 236.759, 247.127, 250.337, 200.233, 172.371, 89.294, 183.266, 242.682, 240.334, 246.666, 198.032, 256.210, 288.418, 198.172, 150.222, 280.212, 144.578, 244.109, 231.154, 229.838, 169.706, 229.288, 205.356, 293.587, 169.026, 248.941, 214.522, 146.855, 110.386, 254.090, 193.167, 281.013, 188.746, 266.851, 260.717, 229.449, 152.783, 236.686, 82.260, 74.898, 286.535, 186.676, 292.421, 212.630, 206.118, 289.317, 191.660, 203.846, 120.006, 145.256, 256.552, 165.934, 301.177, 237.102, 251.118, 232.515, 286.911, 210.137, 201.761, 189.045, 253.289, 132.011, 267.033, 214.789, 303.782, 263.681, 176.953, 253.585, 154.855, 164.111, 192.728, 208.393, 202.394, 268.654, 304.927, 46.963, 186.046, 301.914, 236.240, 257.614, 77.690, 285.404, 298.220, 192.525, 286.239, 201.844, 141.812, 224.962, 264.790, 176.754, 222.627, 256.606, 169.169, 318.554, 201.180, 234.853, 248.000, 224.601, 316.737, 217.888, 292.608, 259.948, 113.094, 199.533, 122.987, 246.783, 256.604, 103.369, 215.283, 223.049, 249.287, 175.314, 182.983, 199.225, 227.477, 209.439, 233.619, 125.018, 216.102, 220.700, 195.605, 188.154, 183.982, 183.309, 252.725, 280.572, 279.958, 244.946, 182.949, 176.705, 225.342, 190.635, 198.307, 208.018, 221.632, 217.301, 189.574, 253.095, 265.886, 150.628, 67.823, 208.609, 183.794, 220.458, 222.602, 219.829, 255.715, 201.462, 228.323, 212.041, 305.748, 161.945, 163.513, 103.201, 160.915, 275.046, 234.267, 265.193, 215.246, 249.921, 200.712, 151.327, 124.574, 245.146, 214.290, 190.257, 268.145, 207.598, 145.377, 206.814, 182.751, 103.115, 172.021, 252.118, 203.615, 227.322, 220.752, 272.873, 176.935, 201.282, 98.239, 149.797, 185.499, 157.223, 80.370, 210.356, 191.393, 234.120, 131.413, 272.023, 141.317, 148.086, 254.419, 124.725, 50.294, 195.548, 149.546, 232.046, 168.622, 281.318, 178.176, 113.603, 210.778, 212.057, 212.837, 94.991, 270.935, 149.244, 182.646, 154.892, 127.142, 164.230, 147.682, 227.328, 199.586, 143.369, 169.004, 187.700, 187.583, 269.046, 193.930, 213.557, 49.853, 185.954, 238.320, 250.035, 109.844, 225.708, 263.033, 86.488, 264.685, 185.886, 148.054, 163.584, 248.891, 179.366, 228.034, 122.920, 189.164, 208.355, 138.400, 266.487, 179.429, 105.356, 203.387, 142.928, 191.281, 164.317, 86.205, 243.338, 136.787, 181.858, 119.275, 276.391, 200.206, 102.054, 138.448, 263.486, 262.562, 177.465, 139.249, 82.618, 138.664, 234.412, 198.548, 174.994, 178.342, 145.230, 115.043, 119.854, 271.341, 197.075, 189.135, 226.965, 124.333, 222.049, 149.633, 233.332, 126.806, 225.717, 241.170, 170.130, 182.896, 79.683, 204.040, 164.067, 233.356, 141.882, 215.658, 109.700, 226.167, 215.585, 308.746, 151.447, 247.320, 190.575, 166.013, 159.669, 166.256, 108.665, 184.950, 128.418, 104.513, 146.062, 249.317, 138.594, 222.543, 243.731, 186.760, 183.199, 252.176, 205.684, 194.768, 249.101, 151.133, 194.354, 114.290, 235.855)
